['High Threshold', 'Time Usage', 'Consumer Size Change List']
[[25.0 55.3564125
  array([ 0.,  1.,  2.,  3.,  4.,  5.,  6.,  7.,  8.,  9., 10., 11., 12.,
         11., 10.,  9.,  8.,  7.,  6.,  5.,  4.,  3.,  2.,  3.,  4.,  5.,
          6.,  7.,  8.,  9., 10., 11., 12., 11., 10.,  9.,  8.,  7.,  6.,
          5.,  4.,  3.,  2.,  3.,  4.,  3.,  4.,  5.,  6.,  7.,  8.,  9.,
         10., 11.])                                                      ]
 [30.0 55.35501999999999
  array([ 0.,  1.,  2.,  3.,  4.,  5.,  6.,  7.,  8.,  9., 10., 11., 12.,
         11., 10.,  9.,  8.,  7.,  6.,  5.,  4.,  3.,  2.,  3.,  4.,  5.,
          6.,  7.,  8.,  9., 10., 11., 12., 11., 10.,  9.,  8.,  7.,  6.,
          5.,  4.,  3.,  2.,  3.,  4.,  3.,  4.,  5.,  6.,  7.,  8.,  9.,
         10., 11.])                                                      ]
 [35.0 55.3563875
  array([ 0.,  1.,  2.,  3.,  4.,  5.,  6.,  7.,  8.,  9., 10., 11., 12.,
         11., 10.,  9.,  8.,  7.,  6.,  5.,  4.,  3.,  2.,  3.,  4.,  5.,
          6.,  7.,  8.,  9., 10., 11., 12., 11., 10.,  9.,  8.,  7.,  6.,
          5.,  4.,  3.,  2.,  3.,  4.,  3.,  4.,  5.,  6.,  7.,  8.,  9.,
         10., 11.])                                                      ]
 [40.0 55.35765000000001
  array([ 0.,  1.,  2.,  3.,  4.,  5.,  6.,  7.,  8.,  9., 10., 11., 12.,
         11., 10.,  9.,  8.,  7.,  6.,  5.,  4.,  3.,  2.,  3.,  4.,  5.,
          6.,  7.,  8.,  9., 10., 11., 12., 11., 10.,  9.,  8.,  7.,  6.,
          5.,  4.,  3.,  2.,  3.,  4.,  3.,  4.,  5.,  6.,  7.,  8.,  9.,
         10., 11.])                                                      ]
 [45.0 55.3583625
  array([ 0.,  1.,  2.,  3.,  4.,  5.,  6.,  7.,  8.,  9., 10., 11., 12.,
         11., 10.,  9.,  8.,  7.,  6.,  5.,  4.,  3.,  2.,  3.,  4.,  5.,
          6.,  7.,  8.,  9., 10., 11., 12., 11., 10.,  9.,  8.,  7.,  6.,
          5.,  4.,  3.,  2.,  3.,  4.,  3.,  4.,  5.,  6.,  7.,  8.,  9.,
         10., 11.])                                                      ]
 [50.0 55.35848571428572
  array([ 0.,  1.,  2.,  3.,  4.,  5.,  6.,  7.,  8.,  9., 10., 11., 12.,
         11., 10.,  9.,  8.,  7.,  6.,  5.,  4.,  3.,  2.,  3.,  4.,  5.,
          6.,  7.,  8.,  9., 10., 11., 12., 11., 10.,  9.,  8.,  7.,  6.,
          5.,  4.,  3.,  2.,  3.,  4.,  3.,  4.,  5.,  6.,  7.,  8.,  9.,
         10., 11.])                                                      ]
 [55.0 55.35292857142856
  array([ 0.,  1.,  2.,  3.,  4.,  5.,  6.,  7.,  8.,  9., 10., 11., 12.,
         11., 10.,  9.,  8.,  7.,  6.,  5.,  4.,  3.,  2.,  3.,  4.,  5.,
          6.,  7.,  8.,  9., 10., 11., 12., 11., 10.,  9.,  8.,  7.,  6.,
          5.,  4.,  3.,  2.,  3.,  4.,  3.,  4.,  5.,  6.,  7.,  8.,  9.,
         10., 11.])                                                      ]
 [60.0 55.353500000000004
  array([ 0.,  1.,  2.,  3.,  4.,  5.,  6.,  7.,  8.,  9., 10., 11., 12.,
         11., 10.,  9.,  8.,  7.,  6.,  5.,  4.,  3.,  2.,  3.,  4.,  5.,
          6.,  7.,  8.,  9., 10., 11., 12., 11., 10.,  9.,  8.,  7.,  6.,
          5.,  4.,  3.,  2.,  3.,  4.,  3.,  4.,  5.,  6.,  7.,  8.,  9.,
         10., 11.])                                                      ]
 [65.0 55.357780000000005
  array([ 0.,  1.,  2.,  3.,  4.,  5.,  6.,  7.,  8.,  9., 10., 11., 12.,
         11., 10.,  9.,  8.,  7.,  6.,  5.,  4.,  3.,  2.,  3.,  4.,  5.,
          6.,  7.,  8.,  9., 10., 11., 12., 11., 10.,  9.,  8.,  7.,  6.,
          5.,  4.,  3.,  2.,  3.,  4.,  3.,  4.,  5.,  6.,  7.,  8.,  9.,
         10., 11.])                                                      ]
 [70.0 55.36524285714285
  array([ 0.,  1.,  2.,  3.,  4.,  5.,  6.,  7.,  8.,  9., 10., 11., 12.,
         11., 10.,  9.,  8.,  7.,  6.,  5.,  4.,  3.,  2.,  3.,  4.,  5.,
          6.,  7.,  8.,  9., 10., 11., 12., 11., 10.,  9.,  8.,  7.,  6.,
          5.,  4.,  3.,  2.,  3.,  4.,  3.,  4.,  5.,  6.,  7.,  8.,  9.,
         10., 11.])                                                      ]
 [75.0 55.36701666666667
  array([ 0.,  1.,  2.,  3.,  4.,  5.,  6.,  7.,  8.,  9., 10., 11., 12.,
         11., 10.,  9.,  8.,  7.,  6.,  5.,  4.,  3.,  2.,  3.,  4.,  5.,
          6.,  7.,  8.,  9., 10., 11., 12., 11., 10.,  9.,  8.,  7.,  6.,
          5.,  4.,  3.,  2.,  3.,  4.,  3.,  4.,  5.,  6.,  7.,  8.,  9.,
         10., 11.])                                                      ]
 [80.0 55.36472857142858
  array([ 0.,  1.,  2.,  3.,  4.,  5.,  6.,  7.,  8.,  9., 10., 11., 12.,
         11., 10.,  9.,  8.,  7.,  6.,  5.,  4.,  3.,  2.,  3.,  4.,  5.,
          6.,  7.,  8.,  9., 10., 11., 12., 11., 10.,  9.,  8.,  7.,  6.,
          5.,  4.,  3.,  2.,  3.,  4.,  3.,  4.,  5.,  6.,  7.,  8.,  9.,
         10., 11.])                                                      ]
 [85.0 55.35898333333333
  array([ 0.,  1.,  2.,  3.,  4.,  5.,  6.,  7.,  8.,  9., 10., 11., 12.,
         11., 10.,  9.,  8.,  7.,  6.,  5.,  4.,  3.,  2.,  3.,  4.,  5.,
          6.,  7.,  8.,  9., 10., 11., 12., 11., 10.,  9.,  8.,  7.,  6.,
          5.,  4.,  3.,  2.,  3.,  4.,  3.,  4.,  5.,  6.,  7.,  8.,  9.,
         10., 11.])                                                      ]
 [90.0 55.35592857142858
  array([ 0.,  1.,  2.,  3.,  4.,  5.,  6.,  7.,  8.,  9., 10., 11., 12.,
         11., 10.,  9.,  8.,  7.,  6.,  5.,  4.,  3.,  2.,  3.,  4.,  5.,
          6.,  7.,  8.,  9., 10., 11., 12., 11., 10.,  9.,  8.,  7.,  6.,
          5.,  4.,  3.,  2.,  3.,  4.,  3.,  4.,  5.,  6.,  7.,  8.,  9.,
         10., 11.])                                                      ]
 [95.0 55.357
  array([ 0.,  1.,  2.,  3.,  4.,  5.,  6.,  7.,  8.,  9., 10., 11., 12.,
         11., 10.,  9.,  8.,  7.,  6.,  5.,  4.,  3.,  2.,  3.,  4.,  5.,
          6.,  7.,  8.,  9., 10., 11., 12., 11., 10.,  9.,  8.,  7.,  6.,
          5.,  4.,  3.,  2.,  3.,  4.,  3.,  4.,  5.,  6.,  7.,  8.,  9.,
         10., 11.])                                                      ]
 [100.0 55.35830000000001
  array([ 0.,  1.,  2.,  3.,  4.,  5.,  6.,  7.,  8.,  9., 10., 11., 12.,
         11., 10.,  9.,  8.,  7.,  6.,  5.,  4.,  3.,  2.,  3.,  4.,  5.,
          6.,  7.,  8.,  9., 10., 11., 12., 11., 10.,  9.,  8.,  7.,  6.,
          5.,  4.,  3.,  2.,  3.,  4.,  3.,  4.,  5.,  6.,  7.,  8.,  9.,
         10., 11.])                                                      ]]