['Low Threshold', 'Time Usage', 'Consumer Size Change List']
[[0.0 55.35764285714286
  array([ 0.,  1.,  2.,  3.,  4.,  5.,  6.,  7.,  8.,  9., 10., 11., 12.,
         11., 10.,  9.,  8.,  7.,  6.,  5.,  4.,  3.,  4.,  3.,  4.,  3.,
          4.,  5.,  6.,  7.,  8.,  9., 10., 11., 12., 11., 10.,  9.,  8.,
          7.,  6.,  5.,  4.,  3.,  4.,  3.,  4.,  3.,  4.,  5.,  6.,  7.,
          8.,  9., 10., 11.])                                            ]
 [5.0 55.35515000000001
  array([ 0.,  1.,  2.,  3.,  4.,  5.,  6.,  7.,  8.,  9., 10., 11., 12.,
         11., 10.,  9.,  8.,  7.,  6.,  5.,  4.,  3.,  2.,  3.,  4.,  3.,
          4.,  5.,  6.,  7.,  8.,  9., 10., 11., 12., 11., 10.,  9.,  8.,
          7.,  6.,  5.,  4.,  3.,  2.,  3.,  4.,  3.,  4.,  5.,  6.,  7.,
          8.,  9., 10., 11.])                                            ]
 [10.0 55.358062499999996
  array([ 0.,  1.,  2.,  3.,  4.,  5.,  6.,  7.,  8.,  9., 10., 11., 12.,
         11., 10.,  9.,  8.,  7.,  6.,  5.,  4.,  3.,  2.,  3.,  4.,  3.,
          4.,  5.,  6.,  7.,  8.,  9., 10., 11., 12., 11., 10.,  9.,  8.,
          7.,  6.,  5.,  4.,  3.,  2.,  3.,  4.,  3.,  4.,  5.,  6.,  7.,
          8.,  9., 10., 11.])                                            ]
 [15.0 53.828525000000006
  array([ 0.,  1.,  2.,  3.,  4.,  5.,  6.,  7.,  8.,  9., 10., 11., 12.,
         11., 10.,  9.,  8.,  7.,  6.,  5.,  4.,  3.,  2.,  3.,  4.,  5.,
          6.,  7.,  8.,  9., 10., 11., 12., 11., 10.,  9.,  8.,  7.,  6.,
          5.,  4.,  3.,  2.,  3.,  4.,  5.,  6.,  7.,  8.,  9., 10., 11.])]
 [20.0 55.354971428571424
  array([ 0.,  1.,  2.,  3.,  4.,  5.,  6.,  7.,  8.,  9., 10., 11., 12.,
         11., 10.,  9.,  8.,  7.,  6.,  5.,  4.,  3.,  2.,  3.,  4.,  5.,
          6.,  7.,  8.,  9., 10., 11., 12., 11., 10.,  9.,  8.,  7.,  6.,
          5.,  4.,  3.,  2.,  3.,  4.,  3.,  4.,  5.,  6.,  7.,  8.,  9.,
         10., 11.])                                                      ]
 [25.0 55.413512499999996
  array([ 0.,  1.,  2.,  3.,  4.,  5.,  6.,  7.,  8.,  9., 10., 11., 12.,
         11., 10.,  9.,  8.,  7.,  6.,  5.,  4.,  3.,  2.,  3.,  4.,  5.,
          6.,  7.,  8.,  9., 10., 11., 12., 11., 10.,  9.,  8.,  7.,  6.,
          5.,  4.,  3.,  2.,  3.,  4.,  3.,  4.,  5.,  6.,  7.,  8.,  9.,
         10., 11.])                                                      ]
 [30.0 55.7284
  array([ 0.,  1.,  2.,  3.,  4.,  5.,  6.,  7.,  8.,  9., 10., 11., 12.,
         11., 10.,  9.,  8.,  7.,  6.,  5.,  4.,  3.,  2.,  3.,  4.,  5.,
          6.,  7.,  8.,  9., 10., 11., 12., 11., 10.,  9.,  8.,  7.,  6.,
          5.,  4.,  3.,  2.,  3.,  4.,  5.,  6.,  7.,  8.,  9., 10., 11.])]
 [35.0 55.7040875
  array([ 0.,  1.,  2.,  3.,  4.,  5.,  6.,  7.,  8.,  9., 10., 11., 12.,
         11., 10.,  9.,  8.,  7.,  6.,  5.,  4.,  3.,  2.,  3.,  4.,  5.,
          6.,  7.,  8.,  9., 10., 11., 12., 11., 10.,  9.,  8.,  7.,  6.,
          5.,  4.,  3.,  2.,  3.,  4.,  5.,  6.,  7.,  8.,  9., 10., 11.])]
 [40.0 55.706537499999996
  array([ 0.,  1.,  2.,  3.,  4.,  5.,  6.,  7.,  8.,  9., 10., 11., 12.,
         11., 10.,  9.,  8.,  7.,  6.,  5.,  4.,  3.,  2.,  3.,  4.,  5.,
          6.,  7.,  8.,  9., 10., 11., 12., 11., 10.,  9.,  8.,  7.,  6.,
          5.,  4.,  3.,  2.,  3.,  4.,  5.,  6.,  7.,  8.,  9., 10., 11.])]
 [45.0 55.68725
  array([ 0.,  1.,  2.,  3.,  4.,  5.,  6.,  7.,  8.,  9., 10., 11., 10.,
          9.,  8.,  7.,  6.,  5.,  4.,  3.,  2.,  3.,  4.,  5.,  6.,  7.,
          8.,  9., 10., 11., 12., 11., 10.,  9.,  8.,  7.,  6.,  5.,  4.,
          3.,  2.,  3.,  4.,  5.,  6.,  7.,  8.,  9., 10., 11.])         ]
 [50.0 55.82374999999999
  array([ 0.,  1.,  2.,  3.,  4.,  5.,  6.,  7.,  8.,  9., 10., 11., 10.,
          9.,  8.,  7.,  6.,  5.,  4.,  3.,  2.,  3.,  4.,  5.,  6.,  7.,
          8.,  9., 10., 11., 12., 11., 10.,  9.,  8.,  7.,  6.,  5.,  4.,
          3.,  2.,  3.,  4.,  5.,  6.,  7.,  8.,  9., 10., 11.])         ]
 [55.0 56.8237
  array([ 0.,  1.,  2.,  3.,  4.,  5.,  6.,  7.,  8.,  9., 10., 11., 10.,
          9.,  8.,  7.,  6.,  5.,  4.,  3.,  2.,  3.,  4.,  5.,  6.,  7.,
          8.,  9., 10., 11., 12., 11., 10.,  9.,  8.,  7.,  6.,  5.,  4.,
          3.,  2.,  3.,  4.,  5.,  6.,  7.,  8.,  9., 10., 11.])         ]
 [60.0 58.68450000000001
  array([ 0.,  1.,  2.,  3.,  4.,  5.,  6.,  7.,  8.,  9., 10., 11., 10.,
          9.,  8.,  7.,  6.,  5.,  4.,  3.,  2.,  3.,  4.,  5.,  6.,  7.,
          8.,  9., 10., 11., 12., 11., 10.,  9.,  8.,  7.,  6.,  5.,  4.,
          3.,  2.,  3.,  4.,  5.,  6.,  7.,  8.,  9., 10., 11.])         ]
 [65.0 56.92485714285714
  array([ 0.,  1.,  2.,  3.,  4.,  5.,  6.,  7.,  8.,  9., 10., 11., 10.,
          9.,  8.,  7.,  6.,  5.,  4.,  3.,  2.,  3.,  4.,  5.,  6.,  7.,
          8.,  9., 10., 11., 10.,  9.,  8.,  7.,  6.,  5.,  4.,  3.,  2.,
          3.,  4.,  5.,  6.,  7.,  8.,  9., 10., 11.])                   ]
 [70.0 57.746175
  array([ 0.,  1.,  2.,  3.,  4.,  5.,  6.,  7.,  8.,  9., 10., 11., 10.,
          9.,  8.,  7.,  6.,  5.,  4.,  3.,  2.,  3.,  4.,  5.,  6.,  7.,
          8.,  9., 10., 11., 10.,  9.,  8.,  7.,  6.,  5.,  4.,  3.,  2.,
          3.,  4.,  5.,  6.,  7.,  8.,  9., 10., 11., 10.])              ]
 [75.0 58.984275000000004
  array([ 0.,  1.,  2.,  3.,  4.,  5.,  6.,  7.,  8.,  9., 10., 11., 10.,
          9.,  8.,  7.,  6.,  5.,  4.,  3.,  2.,  3.,  4.,  5.,  6.,  7.,
          8.,  9., 10., 11., 10.,  9.,  8.,  7.,  6.,  5.,  4.,  3.,  2.,
          3.,  4.,  5.,  6.,  7.,  8.,  9., 10., 11.])                   ]]