['Period', 'Time Usage', 'Consumer Size Change List']
[[1024.0 52.815733333333334
  array([0.        , 1.        , 2.        , ..., 3.        , 2.66666667,
         3.        ])                                                    ]
 [4096.0 52.8669 array([0., 1., 2., ..., 3., 2., 3.])]
 [16384.0 52.5369 array([0., 1., 2., ..., 5., 4., 3.])]
 [65536.0 51.1949
  array([ 0.,  1.,  2.,  3.,  4.,  5.,  6.,  7.,  8.,  9., 10., 11., 12.,
         13., 14., 15., 14., 13., 12., 11., 10.,  9.,  8.,  7.,  6.,  5.,
          4.,  3.,  4.,  5.,  6.,  7.,  8.,  9., 10., 11., 12., 13., 14.,
         15., 14., 13., 12., 11., 10.,  9.,  8.,  7.,  6.,  5.,  4.,  3.,
          4.,  5.,  6.,  7.,  8.,  9., 10., 11., 12., 13., 14., 13., 12.,
         11., 10.,  9.,  8.,  7.,  6.,  5.,  4.,  3.,  4.,  5.,  6.,  7.,
          8.,  9., 10., 11., 12., 13., 14., 15., 14., 13., 12., 11., 10.,
          9.,  8.,  7.,  6.,  5.,  4.,  3.,  2.,  3.,  4.,  5.,  6.,  7.,
          8.,  9., 10., 11., 12., 11., 10.,  9.,  8.,  7.,  6.,  5.,  4.,
          3.,  2.,  3.,  4.,  3.,  2.,  3.,  4.,  3.,  2.,  3.,  4.,  5.,
          4.,  3.,  2.,  3.,  2.,  3.,  4.,  3.,  2.,  3.,  4.,  3.,  2.,
          3.,  4.,  3.,  2.,  3.,  4.,  3.,  2.,  3.,  4.,  3.,  2.,  3.,
          4.,  3.,  2.,  3.,  4.,  3.,  2.,  3.,  2.,  3.,  4.,  3.,  2.,
          3.,  4.,  3.,  2.,  3.,  4.,  3.,  2.,  3.,  4.,  5.,  4.,  3.,
          2.,  3.,  4.,  5.,  4.,  3.,  2.,  3.,  2.,  3.,  2.,  3.,  4.,
          5.,  4.,  3.,  2.,  3.,  4.,  3.,  2.,  3.,  4.,  3.,  2.,  3.,
          2.,  3.,  2.,  3.,  4.,  3.,  2.,  3.,  4.,  3.,  2.,  3.,  4.,
          5.,  4.,  3.,  2.,  3.,  4.,  3.,  2.,  3.,  2.,  3.,  4.,  3.,
          2.,  3.,  4.,  3.,  2.,  3.,  4.,  3.,  2.,  3.,  4.,  3.,  2.,
          3.,  4.,  3.,  2.,  3.,  4.,  3.,  2.,  3.,  2.,  3.,  4.,  5.,
          4.,  3.,  2.,  3.,  4.,  3.,  2.,  3.,  4.,  3.,  2.,  3.,  4.,
          3.,  4.,  3.,  2.,  3.,  4.,  5.,  6.,  7.,  8.,  7.,  6.,  7.,
          8.,  9., 10., 11., 10.,  9.,  8.,  7.,  6.,  7.,  8.,  9., 10.,
         11., 12., 11., 10.,  9.,  8.,  7.,  6.,  7.,  8.,  9., 10., 11.,
         12., 11., 10.,  9.,  8.,  7.,  6.,  5.,  4.,  5.,  6.,  7.,  8.,
          9., 10., 11., 12., 13., 14., 13., 12., 11., 10.,  9.,  8.,  7.,
          6.,  5.,  4.,  5.,  6.,  7.,  8.,  9., 10., 11., 12., 13., 12.,
         11., 10.,  9.,  8.,  7.,  6.,  5.,  6.,  7.,  8.,  9., 10., 11.,
         12., 13., 12., 11., 10.,  9.,  8.,  7.,  6.,  5.,  4.,  5.,  6.,
          7.,  8.,  9., 10., 11., 12., 13., 12., 11., 10.,  9.,  8.,  7.,
          6.,  5.,  4.,  3.,  2.,  3.,  4.,  3.,  2.,  3.,  4.,  3.,  2.,
          3.,  4.,  3.,  2.,  3.,  2.,  3.,  4.,  3.,  2.,  3.,  4.,  3.,
          2.,  3.,  4.,  3.,  4.,  3.,  2.,  3.,  4.,  3.,  2.,  3.,  4.,
          3.,  2.,  3.,  4.,  3.,  4.,  3.,  2.,  3.,  4.,  3.,  2.,  3.,
          4.,  3.,  2.,  3.,  4.,  3.,  2.,  3.,  4.,  3.,  2.,  3.,  4.,
          5.,  4.,  3.,  2.,  3.,  2.,  3.,  4.,  3.,  2.,  3.,  4.,  3.,
          2.,  3.,  4.,  3.,  2.,  3.,  4.,  3.,  2.,  3.,  4.,  3.,  2.,
          3.,  2.,  3.,  4.,  3.,  2.,  3.,  4.,  3.,  2.,  3.,  4.,  3.,
          2.,  3.,  4.,  3.,  4.,  3.,  2.,  3.,  4.,  3.,  2.,  3.,  4.,
          3.,  2.,  3.,  4.,  3.,  2.,  3.,  4.,  3.,  2.,  3.,  4.,  3.,
          2.,  3.,  4.,  3.,  2.,  3.,  2.,  3.,  4.,  3.,  2.,  3.,  4.,
          3.,  2.,  3.,  4.,  3.,  2.,  3.,  4.,  3.,  2.,  3.,  4.,  5.,
          4.,  3.,  2.,  3.,  4.,  3.,  2.,  3.,  2.,  3.,  4.,  3.,  2.,
          3.,  4.,  3.,  4.,  3.,  2.,  3.,  4.,  5.,  6.,  5.,  4.,  3.,
          4.,  5.,  6.,  7.,  8.,  9., 10., 11., 12., 13., 14., 13., 12.,
         11., 10.,  9.,  8.,  7.,  6.,  5.,  4.,  5.,  6.,  7.,  8.,  9.,
         10., 11., 12., 13., 14., 13., 12., 11., 10.,  9.,  8.,  7.,  6.,
          5.,  4.,  5.,  6.,  7.,  8.,  9., 10., 11., 12., 13., 12., 11.,
         10.,  9.,  8.,  7.,  6.,  7.,  8.,  9., 10., 11., 10.,  9.,  8.,
          7.,  6.,  7.,  8.,  9., 10., 11., 12., 11., 10.,  9.,  8.,  7.,
          6.,  7.,  8.,  9., 10., 11., 12., 11., 10.,  9.,  8.,  7.,  6.,
          5.,  6.,  7.,  8.,  9., 10., 11., 12., 11., 10.,  9.,  8.,  7.,
          6.,  5.,  4.,  3.])                                            ]
 [262144.0 51.7688
  array([ 0.        ,  1.        ,  2.        ,  3.        ,  4.        ,
          5.        ,  6.        ,  7.        ,  8.        ,  9.        ,
         10.        , 11.        , 12.        , 13.        , 14.        ,
         15.        , 16.        , 17.        , 16.        , 15.        ,
         14.        , 13.        , 12.        , 11.        , 10.        ,
          9.        ,  8.        ,  7.        ,  6.        ,  5.        ,
          4.        ,  3.        ,  2.        ,  3.        ,  4.        ,
          3.        ,  2.        ,  3.        ,  4.        ,  3.        ,
          2.        ,  3.        ,  4.        ,  3.        ,  2.        ,
          3.        ,  4.        ,  3.        ,  2.        ,  3.        ,
          4.        ,  3.        ,  2.        ,  3.        ,  4.        ,
          3.        ,  2.        ,  3.        ,  2.        ,  3.        ,
          4.        ,  3.        ,  2.        ,  3.        ,  4.        ,
          3.        ,  2.        ,  3.        ,  4.        ,  3.        ,
          2.        ,  3.        ,  4.        ,  3.        ,  2.        ,
          3.        ,  4.        ,  3.        ,  4.        ,  5.        ,
          6.        ,  7.        ,  8.        ,  9.        , 10.        ,
         11.        , 12.        , 13.        , 14.        , 13.        ,
         12.        , 11.        , 10.        ,  9.        ,  8.        ,
          7.        ,  6.        ,  5.        ,  4.        ,  5.        ,
          6.        ,  7.        ,  8.        ,  9.        , 10.        ,
         11.        , 12.        , 11.        , 10.        ,  9.        ,
          8.        ,  7.        ,  6.        ,  5.        ,  4.        ,
          3.        ,  2.        ,  3.        ,  4.        ,  3.        ,
          2.        ,  3.        ,  4.        ,  3.        ,  2.        ,
          3.        ,  2.        ,  3.        ,  4.        ,  3.        ,
          2.        ,  3.        ,  4.        ,  3.        ,  2.        ,
          3.        ,  4.        ,  3.        ,  2.        ,  3.        ,
          4.        ,  3.        ,  2.        ,  3.        ,  4.        ,
          3.        ,  2.        ,  3.        ,  3.33333333,  3.        ,
          2.66666667,  3.        ,  4.        ,  3.        ,  2.        ,
          3.        ,  4.        ,  5.        ,  6.        ,  7.        ,
          8.        ,  9.        , 10.        , 11.        , 12.        ,
         13.        , 14.        , 15.        , 16.        , 15.        ,
         14.        , 13.        , 12.        , 11.        , 10.        ,
          9.        ,  8.        ,  7.        ,  6.        ,  5.        ,
          4.        ,  5.        ,  4.        ,  3.        ])            ]
 [1048576.0 55.9612
  array([ 0.,  1.,  2.,  3.,  4.,  5.,  6.,  7.,  8.,  9., 10., 11., 12.,
         11., 10.,  9.,  8.,  7.,  6.,  5.,  4.,  3.,  2.,  3.,  4.,  5.,
          6.,  7.,  8.,  9., 10., 11., 12., 11., 10.,  9.,  8.,  7.,  6.,
          5.,  4.,  3.,  2.,  3.,  4.,  5.,  6.,  7.,  8.,  9., 10., 11.])]
 [4194304.0 69.938125
  array([0., 1., 2., 3., 4., 5., 6., 7., 6., 5., 6., 7., 8., 7., 6., 5., 6.])]
 [16777216.0 106.28974999999998 array([0., 1., 2., 3., 4., 5., 4.])]]