['Reader Queue Size', 'Time Usage', 'Consumer Size Change List']
[[5.0 55.3581
  array([ 0.,  1.,  2.,  3.,  4.,  5.,  6.,  7.,  8.,  9., 10., 11., 12.,
         11., 10.,  9.,  8.,  7.,  6.,  5.,  4.,  3.,  2.,  3.,  4.,  5.,
          6.,  7.,  8.,  9., 10., 11., 12., 11., 10.,  9.,  8.,  7.,  6.,
          5.,  4.,  3.,  2.,  3.,  4.,  3.,  4.,  5.,  6.,  7.,  8.,  9.,
         10., 11.])                                                      ]
 [10.0 55.3555375
  array([ 0.,  1.,  2.,  3.,  4.,  5.,  6.,  7.,  8.,  9., 10., 11., 12.,
         11., 10.,  9.,  8.,  7.,  6.,  5.,  4.,  3.,  2.,  3.,  4.,  5.,
          6.,  7.,  8.,  9., 10., 11., 12., 11., 10.,  9.,  8.,  7.,  6.,
          5.,  4.,  3.,  2.,  3.,  4.,  3.,  4.,  5.,  6.,  7.,  8.,  9.,
         10., 11.])                                                      ]
 [15.0 55.36351666666667
  array([ 0.,  1.,  2.,  3.,  4.,  5.,  6.,  7.,  8.,  9., 10., 11., 12.,
         11., 10.,  9.,  8.,  7.,  6.,  5.,  4.,  3.,  2.,  3.,  4.,  5.,
          6.,  7.,  8.,  9., 10., 11., 12., 11., 10.,  9.,  8.,  7.,  6.,
          5.,  4.,  3.,  2.,  3.,  4.,  3.,  4.,  5.,  6.,  7.,  8.,  9.,
         10., 11.])                                                      ]
 [20.0 55.35305714285714
  array([ 0.,  1.,  2.,  3.,  4.,  5.,  6.,  7.,  8.,  9., 10., 11., 12.,
         11., 10.,  9.,  8.,  7.,  6.,  5.,  4.,  3.,  2.,  3.,  4.,  5.,
          6.,  7.,  8.,  9., 10., 11., 12., 11., 10.,  9.,  8.,  7.,  6.,
          5.,  4.,  3.,  2.,  3.,  4.,  3.,  4.,  5.,  6.,  7.,  8.,  9.,
         10., 11.])                                                      ]
 [25.0 55.35788333333334
  array([ 0.,  1.,  2.,  3.,  4.,  5.,  6.,  7.,  8.,  9., 10., 11., 12.,
         11., 10.,  9.,  8.,  7.,  6.,  5.,  4.,  3.,  2.,  3.,  4.,  5.,
          6.,  7.,  8.,  9., 10., 11., 12., 11., 10.,  9.,  8.,  7.,  6.,
          5.,  4.,  3.,  2.,  3.,  4.,  3.,  4.,  5.,  6.,  7.,  8.,  9.,
         10., 11.])                                                      ]
 [30.0 55.35285
  array([ 0.,  1.,  2.,  3.,  4.,  5.,  6.,  7.,  8.,  9., 10., 11., 12.,
         11., 10.,  9.,  8.,  7.,  6.,  5.,  4.,  3.,  2.,  3.,  4.,  5.,
          6.,  7.,  8.,  9., 10., 11., 12., 11., 10.,  9.,  8.,  7.,  6.,
          5.,  4.,  3.,  2.,  3.,  4.,  3.,  4.,  5.,  6.,  7.,  8.,  9.,
         10., 11.])                                                      ]
 [35.0 55.3582875
  array([ 0.,  1.,  2.,  3.,  4.,  5.,  6.,  7.,  8.,  9., 10., 11., 12.,
         11., 10.,  9.,  8.,  7.,  6.,  5.,  4.,  3.,  2.,  3.,  4.,  5.,
          6.,  7.,  8.,  9., 10., 11., 12., 11., 10.,  9.,  8.,  7.,  6.,
          5.,  4.,  3.,  2.,  3.,  4.,  3.,  4.,  5.,  6.,  7.,  8.,  9.,
         10., 11.])                                                      ]
 [40.0 55.35725714285714
  array([ 0.,  1.,  2.,  3.,  4.,  5.,  6.,  7.,  8.,  9., 10., 11., 12.,
         11., 10.,  9.,  8.,  7.,  6.,  5.,  4.,  3.,  2.,  3.,  4.,  5.,
          6.,  7.,  8.,  9., 10., 11., 12., 11., 10.,  9.,  8.,  7.,  6.,
          5.,  4.,  3.,  2.,  3.,  4.,  3.,  4.,  5.,  6.,  7.,  8.,  9.,
         10., 11.])                                                      ]
 [45.0 55.35682857142857
  array([ 0.,  1.,  2.,  3.,  4.,  5.,  6.,  7.,  8.,  9., 10., 11., 12.,
         11., 10.,  9.,  8.,  7.,  6.,  5.,  4.,  3.,  2.,  3.,  4.,  5.,
          6.,  7.,  8.,  9., 10., 11., 12., 11., 10.,  9.,  8.,  7.,  6.,
          5.,  4.,  3.,  2.,  3.,  4.,  3.,  4.,  5.,  6.,  7.,  8.,  9.,
         10., 11.])                                                      ]
 [50.0 55.35616666666667
  array([ 0.,  1.,  2.,  3.,  4.,  5.,  6.,  7.,  8.,  9., 10., 11., 12.,
         11., 10.,  9.,  8.,  7.,  6.,  5.,  4.,  3.,  2.,  3.,  4.,  5.,
          6.,  7.,  8.,  9., 10., 11., 12., 11., 10.,  9.,  8.,  7.,  6.,
          5.,  4.,  3.,  2.,  3.,  4.,  3.,  4.,  5.,  6.,  7.,  8.,  9.,
         10., 11.])                                                      ]
 [55.0 55.360825000000006
  array([ 0.,  1.,  2.,  3.,  4.,  5.,  6.,  7.,  8.,  9., 10., 11., 12.,
         11., 10.,  9.,  8.,  7.,  6.,  5.,  4.,  3.,  2.,  3.,  4.,  5.,
          6.,  7.,  8.,  9., 10., 11., 12., 11., 10.,  9.,  8.,  7.,  6.,
          5.,  4.,  3.,  2.,  3.,  4.,  3.,  4.,  5.,  6.,  7.,  8.,  9.,
         10., 11.])                                                      ]
 [60.0 55.3538
  array([ 0.,  1.,  2.,  3.,  4.,  5.,  6.,  7.,  8.,  9., 10., 11., 12.,
         11., 10.,  9.,  8.,  7.,  6.,  5.,  4.,  3.,  2.,  3.,  4.,  5.,
          6.,  7.,  8.,  9., 10., 11., 12., 11., 10.,  9.,  8.,  7.,  6.,
          5.,  4.,  3.,  2.,  3.,  4.,  3.,  4.,  5.,  6.,  7.,  8.,  9.,
         10., 11.])                                                      ]
 [65.0 55.358371428571424
  array([ 0.,  1.,  2.,  3.,  4.,  5.,  6.,  7.,  8.,  9., 10., 11., 12.,
         11., 10.,  9.,  8.,  7.,  6.,  5.,  4.,  3.,  2.,  3.,  4.,  5.,
          6.,  7.,  8.,  9., 10., 11., 12., 11., 10.,  9.,  8.,  7.,  6.,
          5.,  4.,  3.,  2.,  3.,  4.,  3.,  4.,  5.,  6.,  7.,  8.,  9.,
         10., 11.])                                                      ]
 [70.0 55.354685714285715
  array([ 0.,  1.,  2.,  3.,  4.,  5.,  6.,  7.,  8.,  9., 10., 11., 12.,
         11., 10.,  9.,  8.,  7.,  6.,  5.,  4.,  3.,  2.,  3.,  4.,  5.,
          6.,  7.,  8.,  9., 10., 11., 12., 11., 10.,  9.,  8.,  7.,  6.,
          5.,  4.,  3.,  2.,  3.,  4.,  3.,  4.,  5.,  6.,  7.,  8.,  9.,
         10., 11.])                                                      ]
 [75.0 55.35552857142857
  array([ 0.,  1.,  2.,  3.,  4.,  5.,  6.,  7.,  8.,  9., 10., 11., 12.,
         11., 10.,  9.,  8.,  7.,  6.,  5.,  4.,  3.,  2.,  3.,  4.,  5.,
          6.,  7.,  8.,  9., 10., 11., 12., 11., 10.,  9.,  8.,  7.,  6.,
          5.,  4.,  3.,  2.,  3.,  4.,  3.,  4.,  5.,  6.,  7.,  8.,  9.,
         10., 11.])                                                      ]
 [80.0 55.357275
  array([ 0.,  1.,  2.,  3.,  4.,  5.,  6.,  7.,  8.,  9., 10., 11., 12.,
         11., 10.,  9.,  8.,  7.,  6.,  5.,  4.,  3.,  2.,  3.,  4.,  5.,
          6.,  7.,  8.,  9., 10., 11., 12., 11., 10.,  9.,  8.,  7.,  6.,
          5.,  4.,  3.,  2.,  3.,  4.,  3.,  4.,  5.,  6.,  7.,  8.,  9.,
         10., 11.])                                                      ]
 [85.0 55.35604285714287
  array([ 0.,  1.,  2.,  3.,  4.,  5.,  6.,  7.,  8.,  9., 10., 11., 12.,
         11., 10.,  9.,  8.,  7.,  6.,  5.,  4.,  3.,  2.,  3.,  4.,  5.,
          6.,  7.,  8.,  9., 10., 11., 12., 11., 10.,  9.,  8.,  7.,  6.,
          5.,  4.,  3.,  2.,  3.,  4.,  3.,  4.,  5.,  6.,  7.,  8.,  9.,
         10., 11.])                                                      ]
 [90.0 55.35945714285714
  array([ 0.,  1.,  2.,  3.,  4.,  5.,  6.,  7.,  8.,  9., 10., 11., 12.,
         11., 10.,  9.,  8.,  7.,  6.,  5.,  4.,  3.,  2.,  3.,  4.,  5.,
          6.,  7.,  8.,  9., 10., 11., 12., 11., 10.,  9.,  8.,  7.,  6.,
          5.,  4.,  3.,  2.,  3.,  4.,  3.,  4.,  5.,  6.,  7.,  8.,  9.,
         10., 11.])                                                      ]
 [95.0 55.355675000000005
  array([ 0.,  1.,  2.,  3.,  4.,  5.,  6.,  7.,  8.,  9., 10., 11., 12.,
         11., 10.,  9.,  8.,  7.,  6.,  5.,  4.,  3.,  2.,  3.,  4.,  5.,
          6.,  7.,  8.,  9., 10., 11., 12., 11., 10.,  9.,  8.,  7.,  6.,
          5.,  4.,  3.,  2.,  3.,  4.,  3.,  4.,  5.,  6.,  7.,  8.,  9.,
         10., 11.])                                                      ]
 [100.0 55.35617142857143
  array([ 0.,  1.,  2.,  3.,  4.,  5.,  6.,  7.,  8.,  9., 10., 11., 12.,
         11., 10.,  9.,  8.,  7.,  6.,  5.,  4.,  3.,  2.,  3.,  4.,  5.,
          6.,  7.,  8.,  9., 10., 11., 12., 11., 10.,  9.,  8.,  7.,  6.,
          5.,  4.,  3.,  2.,  3.,  4.,  3.,  4.,  5.,  6.,  7.,  8.,  9.,
         10., 11.])                                                      ]
 [105.0 55.35452857142857
  array([ 0.,  1.,  2.,  3.,  4.,  5.,  6.,  7.,  8.,  9., 10., 11., 12.,
         11., 10.,  9.,  8.,  7.,  6.,  5.,  4.,  3.,  2.,  3.,  4.,  5.,
          6.,  7.,  8.,  9., 10., 11., 12., 11., 10.,  9.,  8.,  7.,  6.,
          5.,  4.,  3.,  2.,  3.,  4.,  3.,  4.,  5.,  6.,  7.,  8.,  9.,
         10., 11.])                                                      ]
 [110.0 55.35465000000001
  array([ 0.,  1.,  2.,  3.,  4.,  5.,  6.,  7.,  8.,  9., 10., 11., 12.,
         11., 10.,  9.,  8.,  7.,  6.,  5.,  4.,  3.,  2.,  3.,  4.,  5.,
          6.,  7.,  8.,  9., 10., 11., 12., 11., 10.,  9.,  8.,  7.,  6.,
          5.,  4.,  3.,  2.,  3.,  4.,  3.,  4.,  5.,  6.,  7.,  8.,  9.,
         10., 11.])                                                      ]
 [115.0 55.356971428571434
  array([ 0.,  1.,  2.,  3.,  4.,  5.,  6.,  7.,  8.,  9., 10., 11., 12.,
         11., 10.,  9.,  8.,  7.,  6.,  5.,  4.,  3.,  2.,  3.,  4.,  5.,
          6.,  7.,  8.,  9., 10., 11., 12., 11., 10.,  9.,  8.,  7.,  6.,
          5.,  4.,  3.,  2.,  3.,  4.,  3.,  4.,  5.,  6.,  7.,  8.,  9.,
         10., 11.])                                                      ]
 [120.0 55.35452857142857
  array([ 0.,  1.,  2.,  3.,  4.,  5.,  6.,  7.,  8.,  9., 10., 11., 12.,
         11., 10.,  9.,  8.,  7.,  6.,  5.,  4.,  3.,  2.,  3.,  4.,  5.,
          6.,  7.,  8.,  9., 10., 11., 12., 11., 10.,  9.,  8.,  7.,  6.,
          5.,  4.,  3.,  2.,  3.,  4.,  3.,  4.,  5.,  6.,  7.,  8.,  9.,
         10., 11.])                                                      ]
 [125.0 53.817
  array([ 0.,  1.,  2.,  3.,  4.,  5.,  6.,  7.,  8.,  9., 10., 11., 12.,
         11., 10.,  9.,  8.,  7.,  6.,  5.,  4.,  3.,  2.,  3.,  4.,  5.,
          6.,  7.,  8.,  9., 10., 11., 12., 11., 10.,  9.,  8.,  7.,  6.,
          5.,  4.,  3.,  2.,  3.,  4.,  5.,  6.,  7.,  8.,  9., 10., 11.])]
 [130.0 53.8235
  array([ 0.,  1.,  2.,  3.,  4.,  5.,  6.,  7.,  8.,  9., 10., 11., 12.,
         11., 10.,  9.,  8.,  7.,  6.,  5.,  4.,  3.,  2.,  3.,  4.,  5.,
          6.,  7.,  8.,  9., 10., 11., 12., 11., 10.,  9.,  8.,  7.,  6.,
          5.,  4.,  3.,  2.,  3.,  4.,  5.,  6.,  7.,  8.,  9., 10., 11.])]
 [135.0 55.362728571428576
  array([ 0.,  1.,  2.,  3.,  4.,  5.,  6.,  7.,  8.,  9., 10., 11., 12.,
         11., 10.,  9.,  8.,  7.,  6.,  5.,  4.,  3.,  2.,  3.,  4.,  5.,
          6.,  7.,  8.,  9., 10., 11., 12., 11., 10.,  9.,  8.,  7.,  6.,
          5.,  4.,  3.,  2.,  3.,  4.,  3.,  4.,  5.,  6.,  7.,  8.,  9.,
         10., 11.])                                                      ]
 [140.0 55.35525714285715
  array([ 0.,  1.,  2.,  3.,  4.,  5.,  6.,  7.,  8.,  9., 10., 11., 12.,
         11., 10.,  9.,  8.,  7.,  6.,  5.,  4.,  3.,  2.,  3.,  4.,  5.,
          6.,  7.,  8.,  9., 10., 11., 12., 11., 10.,  9.,  8.,  7.,  6.,
          5.,  4.,  3.,  2.,  3.,  4.,  3.,  4.,  5.,  6.,  7.,  8.,  9.,
         10., 11.])                                                      ]
 [145.0 55.363487500000005
  array([ 0.,  1.,  2.,  3.,  4.,  5.,  6.,  7.,  8.,  9., 10., 11., 12.,
         11., 10.,  9.,  8.,  7.,  6.,  5.,  4.,  3.,  2.,  3.,  4.,  5.,
          6.,  7.,  8.,  9., 10., 11., 12., 11., 10.,  9.,  8.,  7.,  6.,
          5.,  4.,  3.,  2.,  3.,  4.,  3.,  4.,  5.,  6.,  7.,  8.,  9.,
         10., 11.])                                                      ]
 [150.0 53.826074999999996
  array([ 0.,  1.,  2.,  3.,  4.,  5.,  6.,  7.,  8.,  9., 10., 11., 12.,
         11., 10.,  9.,  8.,  7.,  6.,  5.,  4.,  3.,  2.,  3.,  4.,  5.,
          6.,  7.,  8.,  9., 10., 11., 12., 11., 10.,  9.,  8.,  7.,  6.,
          5.,  4.,  3.,  2.,  3.,  4.,  5.,  6.,  7.,  8.,  9., 10., 11.])]
 [155.0 55.354471428571436
  array([ 0.,  1.,  2.,  3.,  4.,  5.,  6.,  7.,  8.,  9., 10., 11., 12.,
         11., 10.,  9.,  8.,  7.,  6.,  5.,  4.,  3.,  2.,  3.,  4.,  5.,
          6.,  7.,  8.,  9., 10., 11., 12., 11., 10.,  9.,  8.,  7.,  6.,
          5.,  4.,  3.,  2.,  3.,  4.,  3.,  4.,  5.,  6.,  7.,  8.,  9.,
         10., 11.])                                                      ]
 [160.0 55.35376
  array([ 0.,  1.,  2.,  3.,  4.,  5.,  6.,  7.,  8.,  9., 10., 11., 12.,
         11., 10.,  9.,  8.,  7.,  6.,  5.,  4.,  3.,  2.,  3.,  4.,  5.,
          6.,  7.,  8.,  9., 10., 11., 12., 11., 10.,  9.,  8.,  7.,  6.,
          5.,  4.,  3.,  2.,  3.,  4.,  3.,  4.,  5.,  6.,  7.,  8.,  9.,
         10., 11.])                                                      ]
 [165.0 55.358233333333324
  array([ 0.,  1.,  2.,  3.,  4.,  5.,  6.,  7.,  8.,  9., 10., 11., 12.,
         11., 10.,  9.,  8.,  7.,  6.,  5.,  4.,  3.,  2.,  3.,  4.,  5.,
          6.,  7.,  8.,  9., 10., 11., 12., 11., 10.,  9.,  8.,  7.,  6.,
          5.,  4.,  3.,  2.,  3.,  4.,  3.,  4.,  5.,  6.,  7.,  8.,  9.,
         10., 11.])                                                      ]
 [170.0 55.35251666666667
  array([ 0.,  1.,  2.,  3.,  4.,  5.,  6.,  7.,  8.,  9., 10., 11., 12.,
         11., 10.,  9.,  8.,  7.,  6.,  5.,  4.,  3.,  2.,  3.,  4.,  5.,
          6.,  7.,  8.,  9., 10., 11., 12., 11., 10.,  9.,  8.,  7.,  6.,
          5.,  4.,  3.,  2.,  3.,  4.,  3.,  4.,  5.,  6.,  7.,  8.,  9.,
         10., 11.])                                                      ]
 [175.0 55.355740000000004
  array([ 0.,  1.,  2.,  3.,  4.,  5.,  6.,  7.,  8.,  9., 10., 11., 12.,
         11., 10.,  9.,  8.,  7.,  6.,  5.,  4.,  3.,  2.,  3.,  4.,  5.,
          6.,  7.,  8.,  9., 10., 11., 12., 11., 10.,  9.,  8.,  7.,  6.,
          5.,  4.,  3.,  2.,  3.,  4.,  3.,  4.,  5.,  6.,  7.,  8.,  9.,
         10., 11.])                                                      ]
 [180.0 55.35517142857144
  array([ 0.,  1.,  2.,  3.,  4.,  5.,  6.,  7.,  8.,  9., 10., 11., 12.,
         11., 10.,  9.,  8.,  7.,  6.,  5.,  4.,  3.,  2.,  3.,  4.,  5.,
          6.,  7.,  8.,  9., 10., 11., 12., 11., 10.,  9.,  8.,  7.,  6.,
          5.,  4.,  3.,  2.,  3.,  4.,  3.,  4.,  5.,  6.,  7.,  8.,  9.,
         10., 11.])                                                      ]
 [185.0 55.35237142857142
  array([ 0.,  1.,  2.,  3.,  4.,  5.,  6.,  7.,  8.,  9., 10., 11., 12.,
         11., 10.,  9.,  8.,  7.,  6.,  5.,  4.,  3.,  2.,  3.,  4.,  5.,
          6.,  7.,  8.,  9., 10., 11., 12., 11., 10.,  9.,  8.,  7.,  6.,
          5.,  4.,  3.,  2.,  3.,  4.,  3.,  4.,  5.,  6.,  7.,  8.,  9.,
         10., 11.])                                                      ]
 [190.0 55.3581
  array([ 0.,  1.,  2.,  3.,  4.,  5.,  6.,  7.,  8.,  9., 10., 11., 12.,
         11., 10.,  9.,  8.,  7.,  6.,  5.,  4.,  3.,  2.,  3.,  4.,  5.,
          6.,  7.,  8.,  9., 10., 11., 12., 11., 10.,  9.,  8.,  7.,  6.,
          5.,  4.,  3.,  2.,  3.,  4.,  3.,  4.,  5.,  6.,  7.,  8.,  9.,
         10., 11.])                                                      ]
 [195.0 55.357442857142864
  array([ 0.,  1.,  2.,  3.,  4.,  5.,  6.,  7.,  8.,  9., 10., 11., 12.,
         11., 10.,  9.,  8.,  7.,  6.,  5.,  4.,  3.,  2.,  3.,  4.,  5.,
          6.,  7.,  8.,  9., 10., 11., 12., 11., 10.,  9.,  8.,  7.,  6.,
          5.,  4.,  3.,  2.,  3.,  4.,  3.,  4.,  5.,  6.,  7.,  8.,  9.,
         10., 11.])                                                      ]
 [200.0 55.35788333333333
  array([ 0.,  1.,  2.,  3.,  4.,  5.,  6.,  7.,  8.,  9., 10., 11., 12.,
         11., 10.,  9.,  8.,  7.,  6.,  5.,  4.,  3.,  2.,  3.,  4.,  5.,
          6.,  7.,  8.,  9., 10., 11., 12., 11., 10.,  9.,  8.,  7.,  6.,
          5.,  4.,  3.,  2.,  3.,  4.,  3.,  4.,  5.,  6.,  7.,  8.,  9.,
         10., 11.])                                                      ]
 [205.0 55.35902857142857
  array([ 0.,  1.,  2.,  3.,  4.,  5.,  6.,  7.,  8.,  9., 10., 11., 12.,
         11., 10.,  9.,  8.,  7.,  6.,  5.,  4.,  3.,  2.,  3.,  4.,  5.,
          6.,  7.,  8.,  9., 10., 11., 12., 11., 10.,  9.,  8.,  7.,  6.,
          5.,  4.,  3.,  2.,  3.,  4.,  3.,  4.,  5.,  6.,  7.,  8.,  9.,
         10., 11.])                                                      ]
 [210.0 55.355114285714286
  array([ 0.,  1.,  2.,  3.,  4.,  5.,  6.,  7.,  8.,  9., 10., 11., 12.,
         11., 10.,  9.,  8.,  7.,  6.,  5.,  4.,  3.,  2.,  3.,  4.,  5.,
          6.,  7.,  8.,  9., 10., 11., 12., 11., 10.,  9.,  8.,  7.,  6.,
          5.,  4.,  3.,  2.,  3.,  4.,  3.,  4.,  5.,  6.,  7.,  8.,  9.,
         10., 11.])                                                      ]
 [215.0 55.3632
  array([ 0.,  1.,  2.,  3.,  4.,  5.,  6.,  7.,  8.,  9., 10., 11., 12.,
         11., 10.,  9.,  8.,  7.,  6.,  5.,  4.,  3.,  2.,  3.,  4.,  5.,
          6.,  7.,  8.,  9., 10., 11., 12., 11., 10.,  9.,  8.,  7.,  6.,
          5.,  4.,  3.,  2.,  3.,  4.,  3.,  4.,  5.,  6.,  7.,  8.,  9.,
         10., 11.])                                                      ]
 [220.0 55.35581428571429
  array([ 0.,  1.,  2.,  3.,  4.,  5.,  6.,  7.,  8.,  9., 10., 11., 12.,
         11., 10.,  9.,  8.,  7.,  6.,  5.,  4.,  3.,  2.,  3.,  4.,  5.,
          6.,  7.,  8.,  9., 10., 11., 12., 11., 10.,  9.,  8.,  7.,  6.,
          5.,  4.,  3.,  2.,  3.,  4.,  3.,  4.,  5.,  6.,  7.,  8.,  9.,
         10., 11.])                                                      ]
 [225.0 55.35664285714285
  array([ 0.,  1.,  2.,  3.,  4.,  5.,  6.,  7.,  8.,  9., 10., 11., 12.,
         11., 10.,  9.,  8.,  7.,  6.,  5.,  4.,  3.,  2.,  3.,  4.,  5.,
          6.,  7.,  8.,  9., 10., 11., 12., 11., 10.,  9.,  8.,  7.,  6.,
          5.,  4.,  3.,  2.,  3.,  4.,  3.,  4.,  5.,  6.,  7.,  8.,  9.,
         10., 11.])                                                      ]
 [230.0 55.36134285714286
  array([ 0.,  1.,  2.,  3.,  4.,  5.,  6.,  7.,  8.,  9., 10., 11., 12.,
         11., 10.,  9.,  8.,  7.,  6.,  5.,  4.,  3.,  2.,  3.,  4.,  5.,
          6.,  7.,  8.,  9., 10., 11., 12., 11., 10.,  9.,  8.,  7.,  6.,
          5.,  4.,  3.,  2.,  3.,  4.,  3.,  4.,  5.,  6.,  7.,  8.,  9.,
         10., 11.])                                                      ]
 [235.0 55.36058333333333
  array([ 0.,  1.,  2.,  3.,  4.,  5.,  6.,  7.,  8.,  9., 10., 11., 12.,
         11., 10.,  9.,  8.,  7.,  6.,  5.,  4.,  3.,  2.,  3.,  4.,  5.,
          6.,  7.,  8.,  9., 10., 11., 12., 11., 10.,  9.,  8.,  7.,  6.,
          5.,  4.,  3.,  2.,  3.,  4.,  3.,  4.,  5.,  6.,  7.,  8.,  9.,
         10., 11.])                                                      ]
 [240.0 55.36203750000001
  array([ 0.,  1.,  2.,  3.,  4.,  5.,  6.,  7.,  8.,  9., 10., 11., 12.,
         11., 10.,  9.,  8.,  7.,  6.,  5.,  4.,  3.,  2.,  3.,  4.,  5.,
          6.,  7.,  8.,  9., 10., 11., 12., 11., 10.,  9.,  8.,  7.,  6.,
          5.,  4.,  3.,  2.,  3.,  4.,  3.,  4.,  5.,  6.,  7.,  8.,  9.,
         10., 11.])                                                      ]
 [245.0 55.356042857142846
  array([ 0.,  1.,  2.,  3.,  4.,  5.,  6.,  7.,  8.,  9., 10., 11., 12.,
         11., 10.,  9.,  8.,  7.,  6.,  5.,  4.,  3.,  2.,  3.,  4.,  5.,
          6.,  7.,  8.,  9., 10., 11., 12., 11., 10.,  9.,  8.,  7.,  6.,
          5.,  4.,  3.,  2.,  3.,  4.,  3.,  4.,  5.,  6.,  7.,  8.,  9.,
         10., 11.])                                                      ]
 [250.0 55.36475714285714
  array([ 0.,  1.,  2.,  3.,  4.,  5.,  6.,  7.,  8.,  9., 10., 11., 12.,
         11., 10.,  9.,  8.,  7.,  6.,  5.,  4.,  3.,  2.,  3.,  4.,  5.,
          6.,  7.,  8.,  9., 10., 11., 12., 11., 10.,  9.,  8.,  7.,  6.,
          5.,  4.,  3.,  2.,  3.,  4.,  3.,  4.,  5.,  6.,  7.,  8.,  9.,
         10., 11.])                                                      ]
 [255.0 55.3564625
  array([ 0.,  1.,  2.,  3.,  4.,  5.,  6.,  7.,  8.,  9., 10., 11., 12.,
         11., 10.,  9.,  8.,  7.,  6.,  5.,  4.,  3.,  2.,  3.,  4.,  5.,
          6.,  7.,  8.,  9., 10., 11., 12., 11., 10.,  9.,  8.,  7.,  6.,
          5.,  4.,  3.,  2.,  3.,  4.,  3.,  4.,  5.,  6.,  7.,  8.,  9.,
         10., 11.])                                                      ]
 [260.0 55.35791428571429
  array([ 0.,  1.,  2.,  3.,  4.,  5.,  6.,  7.,  8.,  9., 10., 11., 12.,
         11., 10.,  9.,  8.,  7.,  6.,  5.,  4.,  3.,  2.,  3.,  4.,  5.,
          6.,  7.,  8.,  9., 10., 11., 12., 11., 10.,  9.,  8.,  7.,  6.,
          5.,  4.,  3.,  2.,  3.,  4.,  3.,  4.,  5.,  6.,  7.,  8.,  9.,
         10., 11.])                                                      ]
 [265.0 55.35582857142857
  array([ 0.,  1.,  2.,  3.,  4.,  5.,  6.,  7.,  8.,  9., 10., 11., 12.,
         11., 10.,  9.,  8.,  7.,  6.,  5.,  4.,  3.,  2.,  3.,  4.,  5.,
          6.,  7.,  8.,  9., 10., 11., 12., 11., 10.,  9.,  8.,  7.,  6.,
          5.,  4.,  3.,  2.,  3.,  4.,  3.,  4.,  5.,  6.,  7.,  8.,  9.,
         10., 11.])                                                      ]
 [270.0 55.36211666666666
  array([ 0.,  1.,  2.,  3.,  4.,  5.,  6.,  7.,  8.,  9., 10., 11., 12.,
         11., 10.,  9.,  8.,  7.,  6.,  5.,  4.,  3.,  2.,  3.,  4.,  5.,
          6.,  7.,  8.,  9., 10., 11., 12., 11., 10.,  9.,  8.,  7.,  6.,
          5.,  4.,  3.,  2.,  3.,  4.,  3.,  4.,  5.,  6.,  7.,  8.,  9.,
         10., 11.])                                                      ]
 [275.0 55.360299999999995
  array([ 0.,  1.,  2.,  3.,  4.,  5.,  6.,  7.,  8.,  9., 10., 11., 12.,
         11., 10.,  9.,  8.,  7.,  6.,  5.,  4.,  3.,  2.,  3.,  4.,  5.,
          6.,  7.,  8.,  9., 10., 11., 12., 11., 10.,  9.,  8.,  7.,  6.,
          5.,  4.,  3.,  2.,  3.,  4.,  3.,  4.,  5.,  6.,  7.,  8.,  9.,
         10., 11.])                                                      ]
 [280.0 55.35605714285714
  array([ 0.,  1.,  2.,  3.,  4.,  5.,  6.,  7.,  8.,  9., 10., 11., 12.,
         11., 10.,  9.,  8.,  7.,  6.,  5.,  4.,  3.,  2.,  3.,  4.,  5.,
          6.,  7.,  8.,  9., 10., 11., 12., 11., 10.,  9.,  8.,  7.,  6.,
          5.,  4.,  3.,  2.,  3.,  4.,  3.,  4.,  5.,  6.,  7.,  8.,  9.,
         10., 11.])                                                      ]
 [285.0 55.35338
  array([ 0.,  1.,  2.,  3.,  4.,  5.,  6.,  7.,  8.,  9., 10., 11., 12.,
         11., 10.,  9.,  8.,  7.,  6.,  5.,  4.,  3.,  2.,  3.,  4.,  5.,
          6.,  7.,  8.,  9., 10., 11., 12., 11., 10.,  9.,  8.,  7.,  6.,
          5.,  4.,  3.,  2.,  3.,  4.,  3.,  4.,  5.,  6.,  7.,  8.,  9.,
         10., 11.])                                                      ]
 [290.0 55.35475714285714
  array([ 0.,  1.,  2.,  3.,  4.,  5.,  6.,  7.,  8.,  9., 10., 11., 12.,
         11., 10.,  9.,  8.,  7.,  6.,  5.,  4.,  3.,  2.,  3.,  4.,  5.,
          6.,  7.,  8.,  9., 10., 11., 12., 11., 10.,  9.,  8.,  7.,  6.,
          5.,  4.,  3.,  2.,  3.,  4.,  3.,  4.,  5.,  6.,  7.,  8.,  9.,
         10., 11.])                                                      ]
 [295.0 55.35774
  array([ 0.,  1.,  2.,  3.,  4.,  5.,  6.,  7.,  8.,  9., 10., 11., 12.,
         11., 10.,  9.,  8.,  7.,  6.,  5.,  4.,  3.,  2.,  3.,  4.,  5.,
          6.,  7.,  8.,  9., 10., 11., 12., 11., 10.,  9.,  8.,  7.,  6.,
          5.,  4.,  3.,  2.,  3.,  4.,  3.,  4.,  5.,  6.,  7.,  8.,  9.,
         10., 11.])                                                      ]
 [300.0 55.3563
  array([ 0.,  1.,  2.,  3.,  4.,  5.,  6.,  7.,  8.,  9., 10., 11., 12.,
         11., 10.,  9.,  8.,  7.,  6.,  5.,  4.,  3.,  2.,  3.,  4.,  5.,
          6.,  7.,  8.,  9., 10., 11., 12., 11., 10.,  9.,  8.,  7.,  6.,
          5.,  4.,  3.,  2.,  3.,  4.,  3.,  4.,  5.,  6.,  7.,  8.,  9.,
         10., 11.])                                                      ]
 [305.0 55.36382857142856
  array([ 0.,  1.,  2.,  3.,  4.,  5.,  6.,  7.,  8.,  9., 10., 11., 12.,
         11., 10.,  9.,  8.,  7.,  6.,  5.,  4.,  3.,  2.,  3.,  4.,  5.,
          6.,  7.,  8.,  9., 10., 11., 12., 11., 10.,  9.,  8.,  7.,  6.,
          5.,  4.,  3.,  2.,  3.,  4.,  3.,  4.,  5.,  6.,  7.,  8.,  9.,
         10., 11.])                                                      ]
 [310.0 55.36171666666666
  array([ 0.,  1.,  2.,  3.,  4.,  5.,  6.,  7.,  8.,  9., 10., 11., 12.,
         11., 10.,  9.,  8.,  7.,  6.,  5.,  4.,  3.,  2.,  3.,  4.,  5.,
          6.,  7.,  8.,  9., 10., 11., 12., 11., 10.,  9.,  8.,  7.,  6.,
          5.,  4.,  3.,  2.,  3.,  4.,  3.,  4.,  5.,  6.,  7.,  8.,  9.,
         10., 11.])                                                      ]
 [315.0 55.35406666666666
  array([ 0.,  1.,  2.,  3.,  4.,  5.,  6.,  7.,  8.,  9., 10., 11., 12.,
         11., 10.,  9.,  8.,  7.,  6.,  5.,  4.,  3.,  2.,  3.,  4.,  5.,
          6.,  7.,  8.,  9., 10., 11., 12., 11., 10.,  9.,  8.,  7.,  6.,
          5.,  4.,  3.,  2.,  3.,  4.,  3.,  4.,  5.,  6.,  7.,  8.,  9.,
         10., 11.])                                                      ]
 [320.0 55.35661666666667
  array([ 0.,  1.,  2.,  3.,  4.,  5.,  6.,  7.,  8.,  9., 10., 11., 12.,
         11., 10.,  9.,  8.,  7.,  6.,  5.,  4.,  3.,  2.,  3.,  4.,  5.,
          6.,  7.,  8.,  9., 10., 11., 12., 11., 10.,  9.,  8.,  7.,  6.,
          5.,  4.,  3.,  2.,  3.,  4.,  3.,  4.,  5.,  6.,  7.,  8.,  9.,
         10., 11.])                                                      ]
 [325.0 55.362275
  array([ 0.,  1.,  2.,  3.,  4.,  5.,  6.,  7.,  8.,  9., 10., 11., 12.,
         11., 10.,  9.,  8.,  7.,  6.,  5.,  4.,  3.,  2.,  3.,  4.,  5.,
          6.,  7.,  8.,  9., 10., 11., 12., 11., 10.,  9.,  8.,  7.,  6.,
          5.,  4.,  3.,  2.,  3.,  4.,  3.,  4.,  5.,  6.,  7.,  8.,  9.,
         10., 11.])                                                      ]
 [330.0 55.358725
  array([ 0.,  1.,  2.,  3.,  4.,  5.,  6.,  7.,  8.,  9., 10., 11., 12.,
         11., 10.,  9.,  8.,  7.,  6.,  5.,  4.,  3.,  2.,  3.,  4.,  5.,
          6.,  7.,  8.,  9., 10., 11., 12., 11., 10.,  9.,  8.,  7.,  6.,
          5.,  4.,  3.,  2.,  3.,  4.,  3.,  4.,  5.,  6.,  7.,  8.,  9.,
         10., 11.])                                                      ]
 [335.0 55.36412
  array([ 0.,  1.,  2.,  3.,  4.,  5.,  6.,  7.,  8.,  9., 10., 11., 12.,
         11., 10.,  9.,  8.,  7.,  6.,  5.,  4.,  3.,  2.,  3.,  4.,  5.,
          6.,  7.,  8.,  9., 10., 11., 12., 11., 10.,  9.,  8.,  7.,  6.,
          5.,  4.,  3.,  2.,  3.,  4.,  3.,  4.,  5.,  6.,  7.,  8.,  9.,
         10., 11.])                                                      ]
 [340.0 55.35841666666667
  array([ 0.,  1.,  2.,  3.,  4.,  5.,  6.,  7.,  8.,  9., 10., 11., 12.,
         11., 10.,  9.,  8.,  7.,  6.,  5.,  4.,  3.,  2.,  3.,  4.,  5.,
          6.,  7.,  8.,  9., 10., 11., 12., 11., 10.,  9.,  8.,  7.,  6.,
          5.,  4.,  3.,  2.,  3.,  4.,  3.,  4.,  5.,  6.,  7.,  8.,  9.,
         10., 11.])                                                      ]
 [345.0 55.35536
  array([ 0.,  1.,  2.,  3.,  4.,  5.,  6.,  7.,  8.,  9., 10., 11., 12.,
         11., 10.,  9.,  8.,  7.,  6.,  5.,  4.,  3.,  2.,  3.,  4.,  5.,
          6.,  7.,  8.,  9., 10., 11., 12., 11., 10.,  9.,  8.,  7.,  6.,
          5.,  4.,  3.,  2.,  3.,  4.,  3.,  4.,  5.,  6.,  7.,  8.,  9.,
         10., 11.])                                                      ]
 [350.0 55.38452857142857
  array([ 0.,  1.,  2.,  3.,  4.,  5.,  6.,  7.,  8.,  9., 10., 11., 12.,
         11., 10.,  9.,  8.,  7.,  6.,  5.,  4.,  3.,  2.,  3.,  4.,  5.,
          6.,  7.,  8.,  9., 10., 11., 12., 11., 10.,  9.,  8.,  7.,  6.,
          5.,  4.,  3.,  2.,  3.,  4.,  3.,  4.,  5.,  6.,  7.,  8.,  9.,
         10., 11.])                                                      ]
 [355.0 55.3576875
  array([ 0.,  1.,  2.,  3.,  4.,  5.,  6.,  7.,  8.,  9., 10., 11., 12.,
         11., 10.,  9.,  8.,  7.,  6.,  5.,  4.,  3.,  2.,  3.,  4.,  5.,
          6.,  7.,  8.,  9., 10., 11., 12., 11., 10.,  9.,  8.,  7.,  6.,
          5.,  4.,  3.,  2.,  3.,  4.,  3.,  4.,  5.,  6.,  7.,  8.,  9.,
         10., 11.])                                                      ]
 [360.0 55.35633750000001
  array([ 0.,  1.,  2.,  3.,  4.,  5.,  6.,  7.,  8.,  9., 10., 11., 12.,
         11., 10.,  9.,  8.,  7.,  6.,  5.,  4.,  3.,  2.,  3.,  4.,  5.,
          6.,  7.,  8.,  9., 10., 11., 12., 11., 10.,  9.,  8.,  7.,  6.,
          5.,  4.,  3.,  2.,  3.,  4.,  3.,  4.,  5.,  6.,  7.,  8.,  9.,
         10., 11.])                                                      ]
 [365.0 55.358062499999996
  array([ 0.,  1.,  2.,  3.,  4.,  5.,  6.,  7.,  8.,  9., 10., 11., 12.,
         11., 10.,  9.,  8.,  7.,  6.,  5.,  4.,  3.,  2.,  3.,  4.,  5.,
          6.,  7.,  8.,  9., 10., 11., 12., 11., 10.,  9.,  8.,  7.,  6.,
          5.,  4.,  3.,  2.,  3.,  4.,  3.,  4.,  5.,  6.,  7.,  8.,  9.,
         10., 11.])                                                      ]
 [370.0 55.37388571428571
  array([ 0.,  1.,  2.,  3.,  4.,  5.,  6.,  7.,  8.,  9., 10., 11., 12.,
         11., 10.,  9.,  8.,  7.,  6.,  5.,  4.,  3.,  2.,  3.,  4.,  5.,
          6.,  7.,  8.,  9., 10., 11., 12., 11., 10.,  9.,  8.,  7.,  6.,
          5.,  4.,  3.,  2.,  3.,  4.,  3.,  4.,  5.,  6.,  7.,  8.,  9.,
         10., 11.])                                                      ]
 [375.0 55.35752
  array([ 0.,  1.,  2.,  3.,  4.,  5.,  6.,  7.,  8.,  9., 10., 11., 12.,
         11., 10.,  9.,  8.,  7.,  6.,  5.,  4.,  3.,  2.,  3.,  4.,  5.,
          6.,  7.,  8.,  9., 10., 11., 12., 11., 10.,  9.,  8.,  7.,  6.,
          5.,  4.,  3.,  2.,  3.,  4.,  3.,  4.,  5.,  6.,  7.,  8.,  9.,
         10., 11.])                                                      ]
 [380.0 55.3566125
  array([ 0.,  1.,  2.,  3.,  4.,  5.,  6.,  7.,  8.,  9., 10., 11., 12.,
         11., 10.,  9.,  8.,  7.,  6.,  5.,  4.,  3.,  2.,  3.,  4.,  5.,
          6.,  7.,  8.,  9., 10., 11., 12., 11., 10.,  9.,  8.,  7.,  6.,
          5.,  4.,  3.,  2.,  3.,  4.,  3.,  4.,  5.,  6.,  7.,  8.,  9.,
         10., 11.])                                                      ]
 [385.0 55.36155000000001
  array([ 0.,  1.,  2.,  3.,  4.,  5.,  6.,  7.,  8.,  9., 10., 11., 12.,
         11., 10.,  9.,  8.,  7.,  6.,  5.,  4.,  3.,  2.,  3.,  4.,  5.,
          6.,  7.,  8.,  9., 10., 11., 12., 11., 10.,  9.,  8.,  7.,  6.,
          5.,  4.,  3.,  2.,  3.,  4.,  3.,  4.,  5.,  6.,  7.,  8.,  9.,
         10., 11.])                                                      ]
 [390.0 55.357662499999996
  array([ 0.,  1.,  2.,  3.,  4.,  5.,  6.,  7.,  8.,  9., 10., 11., 12.,
         11., 10.,  9.,  8.,  7.,  6.,  5.,  4.,  3.,  2.,  3.,  4.,  5.,
          6.,  7.,  8.,  9., 10., 11., 12., 11., 10.,  9.,  8.,  7.,  6.,
          5.,  4.,  3.,  2.,  3.,  4.,  3.,  4.,  5.,  6.,  7.,  8.,  9.,
         10., 11.])                                                      ]
 [395.0 55.36783333333333
  array([ 0.,  1.,  2.,  3.,  4.,  5.,  6.,  7.,  8.,  9., 10., 11., 12.,
         11., 10.,  9.,  8.,  7.,  6.,  5.,  4.,  3.,  2.,  3.,  4.,  5.,
          6.,  7.,  8.,  9., 10., 11., 12., 11., 10.,  9.,  8.,  7.,  6.,
          5.,  4.,  3.,  2.,  3.,  4.,  3.,  4.,  5.,  6.,  7.,  8.,  9.,
         10., 11.])                                                      ]
 [400.0 55.358314285714286
  array([ 0.,  1.,  2.,  3.,  4.,  5.,  6.,  7.,  8.,  9., 10., 11., 12.,
         11., 10.,  9.,  8.,  7.,  6.,  5.,  4.,  3.,  2.,  3.,  4.,  5.,
          6.,  7.,  8.,  9., 10., 11., 12., 11., 10.,  9.,  8.,  7.,  6.,
          5.,  4.,  3.,  2.,  3.,  4.,  3.,  4.,  5.,  6.,  7.,  8.,  9.,
         10., 11.])                                                      ]]