['Worker Queue Size', 'Time Usage', 'Consumer Size Change List']
[[20.0 59.941537499999995
  array([ 0.,  1.,  2.,  3.,  4.,  5.,  6.,  7.,  8.,  9., 10.,  9.,  8.,
          7.,  6.,  5.,  4.,  3.,  2.,  3.,  4.,  3.,  2.,  3.,  4.,  3.,
          2.,  3.,  4.,  5.,  6.,  7.,  8.,  9., 10.,  9.,  8.,  7.,  6.,
          5.,  4.,  3.,  2.,  3.,  4.,  3.,  2.,  3.,  4.,  3.,  2.,  3.,
          4.,  5.,  6.,  7.,  8.,  9., 10.,  9.])                        ]
 [40.0 57.49584999999999
  array([ 0.,  1.,  2.,  3.,  4.,  5.,  6.,  7.,  8.,  9., 10., 11., 10.,
          9.,  8.,  7.,  6.,  5.,  4.,  3.,  2.,  3.,  4.,  3.,  2.,  3.,
          4.,  5.,  6.,  7.,  8.,  9., 10., 11., 10.,  9.,  8.,  7.,  6.,
          5.,  4.,  3.,  2.,  3.,  4.,  3.,  2.,  3.,  4.,  3.,  4.,  5.,
          6.,  7.,  8.,  9., 10., 11.])                                  ]
 [60.0 57.33358749999999
  array([ 0.  ,  1.  ,  2.  ,  3.  ,  4.  ,  5.  ,  6.  ,  7.  ,  8.  ,
          9.  , 10.  , 11.  , 10.  ,  9.  ,  8.  ,  7.  ,  6.  ,  5.  ,
          4.  ,  3.  ,  2.  ,  3.  ,  4.  ,  3.  ,  2.  ,  3.  ,  4.  ,
          5.  ,  6.  ,  7.  ,  8.  ,  9.  , 10.  , 11.  , 10.25,  9.25,
          8.25,  7.25,  6.25,  5.25,  4.25,  3.25,  2.25,  3.  ,  3.75,
          3.  ,  2.25,  3.  ,  3.75,  3.  ,  4.  ,  5.  ,  6.  ,  7.  ,
          8.  ,  9.  , 10.  , 11.  ])                                  ]
 [80.0 59.27218750000001
  array([ 0.,  1.,  2.,  3.,  4.,  5.,  6.,  7.,  8.,  9., 10., 11., 12.,
         11., 10.,  9.,  8.,  7.,  6.,  5.,  4.,  3.,  2.,  3.,  4.,  3.,
          2.,  3.,  4.,  5.,  6.,  7.,  8.,  9., 10., 11., 12., 11., 10.,
          9.,  8.,  7.,  6.,  5.,  4.,  3.,  2.,  3.,  4.,  3.,  2.,  3.,
          4.,  5.,  6.,  7.,  8.,  9., 10., 11.])                        ]
 [100.0 59.217512500000005
  array([ 0.,  1.,  2.,  3.,  4.,  5.,  6.,  7.,  8.,  9., 10., 11., 12.,
         11., 10.,  9.,  8.,  7.,  6.,  5.,  4.,  3.,  2.,  3.,  4.,  3.,
          2.,  3.,  4.,  5.,  6.,  7.,  8.,  9., 10., 11., 12., 11., 10.,
          9.,  8.,  7.,  6.,  5.,  4.,  3.,  2.,  3.,  4.,  3.,  2.,  3.,
          4.,  5.,  6.,  7.,  8.,  9., 10., 11.])                        ]
 [120.0 59.2023
  array([ 0.,  1.,  2.,  3.,  4.,  5.,  6.,  7.,  8.,  9., 10., 11., 12.,
         11., 10.,  9.,  8.,  7.,  6.,  5.,  4.,  3.,  2.,  3.,  4.,  3.,
          2.,  3.,  4.,  5.,  6.,  7.,  8.,  9., 10., 11., 12., 11., 10.,
          9.,  8.,  7.,  6.,  5.,  4.,  3.,  2.,  3.,  4.,  3.,  2.,  3.,
          4.,  5.,  6.,  7.,  8.,  9., 10., 11.])                        ]
 [140.0 54.84546
  array([ 0.,  1.,  2.,  3.,  4.,  5.,  6.,  7.,  8.,  9., 10., 11., 12.,
         11., 10.,  9.,  8.,  7.,  6.,  5.,  4.,  3.,  2.,  3.,  4.,  3.,
          4.,  5.,  6.,  7.,  8.,  9., 10., 11., 12., 11., 10.,  9.,  8.,
          7.,  6.,  5.,  4.,  3.,  2.,  3.,  4.,  5.,  6.,  7.,  8.,  9.,
         10., 11.])                                                      ]
 [160.0 55.45547142857142
  array([ 0.,  1.,  2.,  3.,  4.,  5.,  6.,  7.,  8.,  9., 10., 11., 12.,
         11., 10.,  9.,  8.,  7.,  6.,  5.,  4.,  3.,  2.,  3.,  4.,  5.,
          6.,  7.,  8.,  9., 10., 11., 12., 11., 10.,  9.,  8.,  7.,  6.,
          5.,  4.,  3.,  2.,  3.,  4.,  3.,  4.,  5.,  6.,  7.,  8.,  9.,
         10., 11.])                                                      ]
 [180.0 55.410475
  array([ 0.,  1.,  2.,  3.,  4.,  5.,  6.,  7.,  8.,  9., 10., 11., 12.,
         11., 10.,  9.,  8.,  7.,  6.,  5.,  4.,  3.,  2.,  3.,  4.,  5.,
          6.,  7.,  8.,  9., 10., 11., 12., 11., 10.,  9.,  8.,  7.,  6.,
          5.,  4.,  3.,  2.,  3.,  4.,  3.,  4.,  5.,  6.,  7.,  8.,  9.,
         10., 11.])                                                      ]
 [200.0 55.35336666666666
  array([ 0.,  1.,  2.,  3.,  4.,  5.,  6.,  7.,  8.,  9., 10., 11., 12.,
         11., 10.,  9.,  8.,  7.,  6.,  5.,  4.,  3.,  2.,  3.,  4.,  5.,
          6.,  7.,  8.,  9., 10., 11., 12., 11., 10.,  9.,  8.,  7.,  6.,
          5.,  4.,  3.,  2.,  3.,  4.,  3.,  4.,  5.,  6.,  7.,  8.,  9.,
         10., 11.])                                                      ]
 [220.0 53.776812500000005
  array([ 0.,  1.,  2.,  3.,  4.,  5.,  6.,  7.,  8.,  9., 10., 11., 12.,
         11., 10.,  9.,  8.,  7.,  6.,  5.,  4.,  3.,  2.,  3.,  4.,  5.,
          6.,  7.,  8.,  9., 10., 11., 12., 11., 10.,  9.,  8.,  7.,  6.,
          5.,  4.,  3.,  2.,  3.,  4.,  5.,  6.,  7.,  8.,  9., 10., 11.])]
 [240.0 53.753575
  array([ 0.,  1.,  2.,  3.,  4.,  5.,  6.,  7.,  8.,  9., 10., 11., 12.,
         11., 10.,  9.,  8.,  7.,  6.,  5.,  4.,  3.,  2.,  3.,  4.,  5.,
          6.,  7.,  8.,  9., 10., 11., 12., 11., 10.,  9.,  8.,  7.,  6.,
          5.,  4.,  3.,  2.,  3.,  4.,  5.,  6.,  7.,  8.,  9., 10., 11.])]
 [260.0 53.7031875
  array([ 0.,  1.,  2.,  3.,  4.,  5.,  6.,  7.,  8.,  9., 10., 11., 12.,
         11., 10.,  9.,  8.,  7.,  6.,  5.,  4.,  3.,  2.,  3.,  4.,  5.,
          6.,  7.,  8.,  9., 10., 11., 12., 11., 10.,  9.,  8.,  7.,  6.,
          5.,  4.,  3.,  2.,  3.,  4.,  5.,  6.,  7.,  8.,  9., 10., 11.])]
 [280.0 54.0351875
  array([ 0.,  1.,  2.,  3.,  4.,  5.,  6.,  7.,  8.,  9., 10., 11., 12.,
         11., 10.,  9.,  8.,  7.,  6.,  5.,  4.,  3.,  2.,  3.,  4.,  5.,
          6.,  7.,  8.,  9., 10., 11., 12., 11., 10.,  9.,  8.,  7.,  6.,
          5.,  4.,  3.,  2.,  3.,  4.,  5.,  6.,  7.,  8.,  9., 10., 11.])]
 [300.0 55.501787500000006
  array([ 0.,  1.,  2.,  3.,  4.,  5.,  6.,  7.,  8.,  9., 10., 11., 12.,
         11., 10.,  9.,  8.,  7.,  6.,  5.,  4.,  3.,  2.,  3.,  4.,  5.,
          6.,  7.,  8.,  9., 10., 11., 12., 11., 10.,  9.,  8.,  7.,  6.,
          5.,  4.,  3.,  2.,  3.,  4.,  5.,  6.,  7.,  8.,  9., 10., 11.])]
 [320.0 55.556962500000004
  array([ 0.,  1.,  2.,  3.,  4.,  5.,  6.,  7.,  8.,  9., 10., 11., 12.,
         11., 10.,  9.,  8.,  7.,  6.,  5.,  4.,  3.,  2.,  3.,  4.,  5.,
          6.,  7.,  8.,  9., 10., 11., 12., 11., 10.,  9.,  8.,  7.,  6.,
          5.,  4.,  3.,  2.,  3.,  4.,  5.,  6.,  7.,  8.,  9., 10., 11.])]
 [340.0 55.4902
  array([ 0.,  1.,  2.,  3.,  4.,  5.,  6.,  7.,  8.,  9., 10., 11., 12.,
         11., 10.,  9.,  8.,  7.,  6.,  5.,  4.,  3.,  2.,  3.,  4.,  5.,
          6.,  7.,  8.,  9., 10., 11., 12., 11., 10.,  9.,  8.,  7.,  6.,
          5.,  4.,  3.,  2.,  3.,  4.,  5.,  6.,  7.,  8.,  9., 10., 11.])]
 [360.0 54.492525
  array([ 0.,  1.,  2.,  3.,  4.,  5.,  6.,  7.,  8.,  9., 10., 11., 12.,
         11., 10.,  9.,  8.,  7.,  6.,  5.,  4.,  3.,  2.,  3.,  4.,  5.,
          6.,  7.,  8.,  9., 10., 11., 12., 11., 10.,  9.,  8.,  7.,  6.,
          5.,  4.,  3.,  2.,  3.,  4.,  5.,  6.,  7.,  8.,  9., 10., 11.])]
 [380.0 54.4706125
  array([ 0.,  1.,  2.,  3.,  4.,  5.,  6.,  7.,  8.,  9., 10., 11., 12.,
         11., 10.,  9.,  8.,  7.,  6.,  5.,  4.,  3.,  2.,  3.,  4.,  5.,
          6.,  7.,  8.,  9., 10., 11., 12., 11., 10.,  9.,  8.,  7.,  6.,
          5.,  4.,  3.,  2.,  3.,  4.,  5.,  6.,  7.,  8.,  9., 10., 11.])]
 [400.0 54.41483749999999
  array([ 0.,  1.,  2.,  3.,  4.,  5.,  6.,  7.,  8.,  9., 10., 11., 12.,
         11., 10.,  9.,  8.,  7.,  6.,  5.,  4.,  3.,  2.,  3.,  4.,  5.,
          6.,  7.,  8.,  9., 10., 11., 12., 11., 10.,  9.,  8.,  7.,  6.,
          5.,  4.,  3.,  2.,  3.,  4.,  5.,  6.,  7.,  8.,  9., 10., 11.])]]